980215
967417
983490
1007878
999817
989701
996509
983596
999592
999899
944451
999423
346065
983358
979896
969470
999657
863956
987446
948222
989684
970992
981906
965628
996536
996362
879426
986621
998249
1007592
935513
998908
914042
988009
951280
854780
996066
954101
998493
924924
933207
989857
303764
997622
995768
937107
953003
816369
984313
995131
998765
998378
319589
969952
227041
988652
944263
979956
999892
982229
987473
982622
960809
998357
994985
171950
980162
989910
944139
969869
984655
998346
980273
951757
969243
999887
980309
981844
957854
997584
1009018
934920
1002453
999877
969641
970038
970823
999120
994321
937834
945514
989394
969318
970174
945537
993216
919583
998574
981957
988089
935382
938070
980214
999869
981114
998519
978732
997060
979186
985505
945558
995263
996181
132387
979402
999852
1003503
993192
940866
986805
939382
790414
742138
996788
752745
979744
935412
996020
967002
945448
954258
998064
989551
959073
902424
996262
77414
953746
980159
999319
989856
937772
981921
997796
948174
992735
994981
999834
935295
728566
999555
989320
112780
969118
979676
977292
956601
958156
984158
995727
958648
960801
989414
952454
884976
962811
368854
999674
964286
775991
937141
999101
956777
979950
931981
999540
741490
971718
677068
1002031
980629
925431
954927
1002664
970317
963908
961909
999249
100917
790358
753466
999357
565414
986197
983386
989569
677505
940289
495688
996466
956695
436816
999494
997743
590157
967114
948626
998226
963394
954025
979980
994157
914661
939528
960377
996204
190794
960780
953116
999489
986448
937069
970218
999703
921662
1002523
172959
999438
982509
936823
406991
998420
312069
953173
742492
994561
412503
413793
921056
997460
228596
304371
962191
996450
925936
997914
937373
994092
987049
945732
996653
931833
980210
1011299
989106
991273
991144
989636
956153
1008184
1006620
952664
1005646
953840
1005206
945754
987017
986608
999846
978779
953904
965881
963058
937469
1003135
953847
1005009
994814
999168
982772
1003169
954109
910547
999840
998625
993533
994594
960711
1002810
971260
996113
985178
959276
961532
965098
961722
1000778
995571
1008133
941427
943864
955377
1002342
990158
989032
993523
969762
944669
999562
988392
1001990
925656
1002073
995564
992417
1002091
974678
992491
1000273
999375
1007409
990680
1005854
999936
961409
985314
999859
989375
966121
992958
953113
1005691
936727
985534
961903
974770
930621
1008820
997692
979247
1002776
1008843
997949
928949
1003387
977576
999841
985569
931606
985225
999857
860239
957135
992641
1004013
988872
973979
1008103
964559
971042
929322
1008056
1003777
1001988
952469
1007925
860093
960708
960728
1007774
985046
1005484
1001714
1006563
957011
929357
929335
1007628
961602
960195
911434
1007514
927435
969531
1003292
1007579
960684
953917
960164
1007376
967159
950135
960170
1007384
910477
964511
960202
1007303
983227
999959
960647
1005859
960136
957199
960158
1005762
960688
991120
911489
1005717
971775
964206
957104
1005150
955642
960234
956970
1005426
956985
989410
904930
1005012
954223
953073
979992
1004708
943643
957143
971986
991809
999949
973888
944232
935988
957040
960702
960122
992018
957113
952879
964758
953639
954294
957045
964732
1004891
944170
956956
951241
1004794
964756
953894
957075
1004716
964581
956884
960003
1004425
945201
954228
954424
1004431
942543
1001862
972005
992392
945541
953836
964736
992911
936660
939789
1003769
992589
964750
957003
956939
989313
958241
974063
964602
1004306
944180
971764
945521
980170
1001766
973799
964593
1004075
979139
964561
945557
997380
954083
956977
989659
999749
964740
945498
983509
978659
990052
944605
979817
977410
978450
965079
953807
980700
1003691
991618
985269
983340
960019
985850
985585
984945
933873
965373
999137
780193
985781
997251
933070
982782
988792
972729
972668
725503
930963
941011
253481
925949
994419
952754
931670
943612
993709
934904
958032
975611
914489
954072
980217
952316
975764
931028
951834
996087
998874
954036
953984
992498
941084
918882
998690
989681
975793
995466
996265
989675
965965
965735
966839
999141
951179
967024
965447
1007813
994725
965535
963863
990687
966201
985570
1002047
991713
952090
951997
950407
975326
965749
966557
965171
990177
975089
942531
943314
990934
954093
985690
965296
986396
952170
207768
967106
989103
914934
960721
953874
997311
915396
915476
915140
998599
998642
915217
959993
990105
971767
989680
999092
989616
998665
968013
989947
991448
939991
985603
977436
993466
977510
999026
999697
1000095
964515
940254
988032
997543
217512
975840
964032
995462
998751
990855
989392
999315
201523
317544
167785
999277
918244
161265
956507
992375
956983
992069
959355
994879
942608
956922
945572
996704
953296
904590
916489
999969
947924
931228
85336
997991
220687
917928
995389
1000796
862430
173727
246933
962289
947556
852862
215917
945906
407407
942159
102920
980206
229697
665704
979274
977646
978368
986648
168201
990191
862793
754874
201345
989934
797141
971753
962406
963564
215030
976336
993234
959468
941897
981378
246778
955882
230999
304100
933105
990183
959374
495547
103752
943591
929502
971804
964527
985062
796865
776373
350136
986584
776531
323263
913727
987363
225177
945133
754614
971720
794341
971975
779634
864978
995101
995158
992306
932886
957051
999903
993661
935083
989851
992039
999921
893628
989662
982261
990964
395808
969536
1006210
941951
893408
989761
983905
983832
2341
989188
996679
999551
893245
345040
887271
946402
964351
994305
216873
999653
952572
981859
989112
939815
980731
945128
384050
989903
965883
994611
989640
999855
993516
939839
840810
945131
604105
989415
1003939
982079
994500
989730
998988
959655
990889
940550
940583
197212
994453
363263
174372
950521
998806
989083
937754
998404
995215
893647
200674
895719
998022
992756
879296
997969
999814
996621
998993
940962
1007758
995936
203706
999202
1007680
989348
145851
952531
1002206
317376
935024
169980
1005291
921754
989779
938924
1002451
207344
945913
942539
982253
945134
939720
942982
996666
169959
890939
159572
995658
726736
963276
929486
996728
192528
191450
144307
995522
943470
404469
951631
989337
208206
926243
141868
989476
934845
139128
943218
989523
560556
245015
85364
989823
850674
933619
213894
1002992
916031
316163
980152
997738
844365
160930
375068
987004
989608
945810
936744
948473
943781
941123
336090
987897
909777
377870
942668
975598
911159
480829
149709
970475
843551
952266
534092
947948
358119
359645
101840
981720
966251
923256
840649
971736
177192
886891
960700
948699
938670
308791
194433
986570
859309
966954
974369
755121
308766
941360
984045
948921
172543
185066
920273
985530
358444
463572
914592
985016
980485
937198
146085
988093
941179
983990
913899
983478
916444
951283
36774
987586
163398
302479
975818
998803
930947
978695
111605
998780
966012
212127
954777
998761
162711
952684
415893
989865
173134
966610
971508
992384
986014
900881
993815
992875
991037
976149
932623
983404
940464
902043
912326
992385
940257
903009
994577
903897
997778
945696
971507
903888
995195
849887
940236
993152
923609
903152
940392
236480
989133
902434
971468
194532
993790
902857
952565
996354
964592
989949
988665
971309
964455
954875
962566
999689
993440
999415
971547
903900
926546
992761
1007200
990945
955889
999405
999043
945061
989425
998615
944532
944379
945052
994529
990989
944168
937516
999365
940301
999057
1007131
997574
991415
933210
959876
967377
999944
994893
987148
992194
991035
985658
999955
997570
978672
944789
987378
991412
991861
976652
952701
995735
923868
945235
996791
997020
1003948
994956
992380
974994
914758
989713
933005
992154
999161
993928
980694
998017
875498
945780
999495
997913
190669
912720
968796
997685
381439
951364
1006879
999209
946663
999968
956354
999416
953768
654485
994064
999382
996921
979040
913135
999278
961698
654525
962449
992129
949172
957097
205521
989285
934435
189906
988733
989046
883534
950371
970828
993094
883432
559214
945080
992294
640036
654601
625051
988692
194440
956145
183355
986161
958528
942041
969706
966124
947576
883493
154624
984300
952715
220178
977137
980971
220075
920032
178744
987610
988961
944818
961748
989923
910250
956482
433800
988622
434121
883599
973418
988628
384981
910167
120176
921299
201937
984307
304711
989867
567850
354162
694387
985000
979258
925298
972150
987037
883637
923360
221255
985746
394591
979993
557771
987028
441298
966213
883678
987240
625018
484144
198383
983419
974486
944138
403280
988014
447918
365107
928912
989208
365089
925014
1007627
1009943
999960
1006360
1009985
1009999
1009497
1010022
1010032
1010048
1008640
1008695
1009464
1009730
1009734
1009223
1009232
1008502
1010199
1010221
1010232
1010238
1010270
1009815
1010596
1001174
1010160
1006980
1010458
1010461
1010463
1010465
1010452
1010453
1010454
1010449
1010450
1010451
936849
998569
979125
971192
959998
980222
984319
989183
989439
991999
996863
912637
953598
980219
945148
995834
994555
996859
999663
995056
999152
995570
999154
986342
998632
982505
999391
989413
1009269
999863
999866
959418
1009321
1009343
1009207
1009228
999830
999838
959122
998586
1008482
1007969
1006893
1007713
996473
1007517
1007082
980980
996681
1006902
996593
1006426
1006381
1006339
1006250
1006086
1006020
1006066
1004895
1004710
1005554
989441
999942
989448
960606
1004333
955393
999435
999446
999485
999488
1004889
1004903
1003860
1004779
1004600
1004572
998669
998945
999274
959362
999064
959397
1004313
1004063
1003989
1004014
1003955
998407
998214
998492
997814
998596
998603
997585
988633
998617
998364
996061
982496
1003861
1003497
995006
949952
980683
989900
991955
995541
1003516
996763
995999
986019
995235
987303
984744
990635
992171
968621
997299
1003268
997634
997707
997755
990081
987523
992387
994179
992389
990086
991624
993678
996243
996246
991642
980518
995852
995632
996696
996979
992891
989566
1002819
1002726
1002606
994835
995123
995385
994643
989879
1001890
994317
992538
992557
993339
992330
993366
993627
994400
1001675
1001164
1001442
991002
1005056
1006091
1004569
493349
1005359
1005369
1004630
1004911
1003130
1000842
1003920
1002642
1005718
1003012
1003272
998417
1001234
1003033
1003556
1002798
1003828
1002573
1002320
995693
1002608
1000452
1000460
1001242
1000545
1000608
1001147
998916
993029
993541
994081
993582
1000240
999240
1000021
996253
989631
998079
994252
999119
1000403
995295
993259
995565
992058
960611
992908
992684
991920
958668
991197
993250
990972
986109
964614
964640
955593
897265
891401
894747
888889
894587
894086
814500
894375
894416
894672
977407
979966
986623
968703
957180
968188
995325
980221
969723
983548
994556
991737
999931
858607
994031
986354
992243
999142
989929
995818
998365
999393
993251
993253
944357
998071
1006362
999032
998952
997376
907089
899421
878976
1004160
999225
997908
996980
995778
992709
995527
986828
993229
991182
990674
999378
994260
996565
999893
993185
994480
986041
999354
993212
995517
996029
993153
995202
995459
993668
995471
990356
991781
995877
996647
993334
995388
995403
996429
995689
1000016
994902
994651
999523
1000040
993807
994068
998932
994071
993562
995121
1000010
1000014
993318
993337
994109
993600
993098
993101
994129
994390
993879
991858
993052
991270
990263
990531
992579
993091
992838
989004
992356
990054
983063
911386
981534
981036
974181
982908
984190
930709
899479
836071
953850
931831
975352
977144
978168
967413
977397
1010178
1010007
994659
1009519
1010056
1002197
968831
881462
997876
996047
991954
993719
994233
984509
979393
991637
994458
974988
999566
998812
999289
996225
999459
999483
997447
999753
991051
999250
999766
971590
971703
971837
971751
973963
974398
974792
974935
976137
977037
977398
979276
979490
981117
994949
993298
997399
994343
991533
996401
991794
985612
982047
960504
964339
952564
956914
999624
956142
976366
969199
983516
989899
975522
985744
983421
989568
987779
985483
947988
989293
976464
989802
984136
984850
985902
990257
989766
981795
989349
989213
989266
943601
971756
960231
954853
951517
968413
961754
967130
953819
950489
905426
900735
939424
980107
878231
931230
973727
937858
966119
930084
982878
982532
983314
981018
916494
945454
966605
978959
974684
974254
980168
954836
980031
979293
974033
956879
955852
872904
971457
953794
958653
935770
976378
968613
971687
926093
979112
970369
873090
965766
971639
970365
973609
969779
964434
971526
970772
966493
971618
967013
888168
969579
964205
966657
965925
966949
969513
967210
968500
965178
974666
974907
974881
974815
957409
959403
958635
964248
955025
956550
945021
950122
963164
927831
948554
960588
948798
952901
956168
951052
960027
954147
955945
957030
922939
896467
918003
953983
939514
947198
948461
947145
947919
945364
953750
943773
940183
937112
944282
943485
940927
943723
947573
940087
967166
950779
995813
983481
994885
983474
950010
990922
981635
980080
994943
981783
980317
984581
979997
987722
667475
983920
963445
988368
950460
980120
959412
969144
878223
978546
973113
972313
968288
969317
969805
969658
970603
970091
969928
960414
957080
960623
962129
952343
958492
948768
949283
964620
960694
960093
959915
938779
957082
957085
954213
954108
953610
941481
947606
904854
934002
945462
947263
943168
938059
947726
941086
945440
943910
947408
932109
938742
924144
945626
945610
939724
934598
938455
936706
926694
936090
937191
936597
899128
903765
921452
936721
930599
932655
936002
937380
918710
916135
914088
916886
926057
929064
926251
925486
929385
929243
929221
880370
882596
903297
893537
918254
918114
912649
912976
912933
870069
903875
903838
899487
899370
901456
798812
901753
901900
904715
902167
909475
903802
882136
850637
868259
899483
902273
845715
892256
852583
882551
894595
901702
887568
898916
878067
894813
877802
885199
885874
885551
880262
878700
879652
866903
863009
867574
874491
885667
885692
876528
860620
883662
871081
876981
861720
861722
874540
841563
829791
876913
855423
873618
870047
854948
869547
877548
870037
870028
869975
867763
845665
861533
861530
861319
853988
855269
860388
853794
848576
852375
857058
851983
854032
834360
853070
851791
853856
569966
852852
851063
833430
1003084
983891
983897
998056
1002162
1002695
1010441
1003824
1008183
1008461
1001853
984930
979195
951035
993511
955592
996530
790445
944080
731468
1007777
1007135
1006689
1006429
994422
985626
998979
994389
1004646
993579
1002604
970993
944626
974316
943342
985564
974049
888732
990590
996807
996381
995774
992842
995000
980742
955442
983617
943174
983640
987933
989752
985716
987799
992729
992609
992662
992540
992411
992164
992040
991741
991490
991311
982775
977885
979158
989135
980135
971907
965750
977199
965989
979211
986475
986202
985935
985801
971989
983533
954356
970961
958926
955847
950981
945087
968380
971915
968590
959376
977700
951824
974155
948818
949248
958990
971046
968755
970826
976407
975901
974909
974752
974619
974558
950961
951221
953516
962973
961696
949154
951183
942724
899438
956510
951638
951632
969879
969704
969649
969618
969514
951059
964738
963427
955249
952898
965932
965850
965783
965680
965573
965514
965461
965312
965240
958308
957101
955160
934646
941818
945645
940272
940217
945543
940085
941334
948646
946512
946570
946445
946376
946289
946174
946110
919285
934382
933081
934546
933021
936610
927869
932482
933256
939403
936018
923987
934228
929109
931852
937487
933140
916756
933421
908357
936976
937062
938690
938572
922595
919249
919240
917182
919472
920985
926101
936494
916588
924017
906853
919399
919385
912461
919297
874031
932318
931301
929703
925916
921391
907765
1001860
1003909
992909
994973
1008132
953380
993325
1006644
1005629
1006156
1006868
1008926
1008682
1008455
1008745
1007212
984433
1006723
1008779
1008530
1009061
1008809
1007302
1008588
1010017
1010387
999131
911919
980734
913024
965374
947711
975359
943347
998647
995323
948731
983021
966897
984562
995048
985310
995294
996549
993478
986314
993720
971960
997820
997824
978344
999341
993710
911791
999076
987271
999303
978827
989581
998030
999961
999546
998715
964924
997954
953414
997706
996431
998735
995422
998923
996884
998940
967202
987176
999221
1007189
1006631
1006333
1005301
1005229
970083
970211
993327
1003293
1003266
1003222
1003181
1003110
1002927
1000837
985338
956403
999933
999928
999850
999553
953581
969436
982236
998737
988374
977366
983714
974242
983727
984976
983444
980117
971931
979068
989063
988556
998179
983154
973685
978549
975990
979831
984335
828447
985645
985138
921406
949073
986724
997110
993934
993851
996967
978954
989228
989998
987967
989255
989513
988750
996853
996678
995966
994826
994707
991141
990836
966647
969457
974309
977125
967142
969446
942567
978402
948707
980192
990164
952028
980372
982214
982987
971959
940733
939710
982978
975021
966052
981400
987322
961644
982643
956781
975621
983550
983501
983427
982699
982243
982896
982687
982586
982484
982357
972063
936758
951872
980721
977175
978977
977442
976692
977973
980536
978240
978500
980066
974438
972168
1007827
968365
956771
958206
981756
992253
955902
960507
989436
998652
935164
999672
943867
951547
983535
994288
910822
999144
993517
991445
999125
989398
994007
991452
999648
993252
997348
908742
991435
990668
999116
993741
952525
986574
993232
994001
995282
998866
999873
992962
998084
998340
992169
996522
999851
985004
996269
952494
998831
999088
991667
989620
992436
986517
995224
997788
996260
980132
987047
962689
999042
995716
970372
983689
989578
999051
968331
997004
999052
996718
969070
989295
993135
995953
995186
992115
989812
991092
992629
993653
992120
995961
949881
992381
992827
992077
992085
968024
964698
990826
992621
995181
1007539
1006613
1007741
967940
992777
988941
986390
988955
970527
987936
988196
967972
989749
988473
991033
984891
1007383
1007426
1007357
1007336
995079
991525
991804
995393
989764
997188
996195
994663
997137
1006770
1006777
995092
999201
999203
999204
994094
993844
995135
993608
994904
1006444
1005244
999227
996412
998213
999237
998475
999247
999251
999254
999267
1005886
1005515
999692
999693
999699
999706
999713
999480
998970
993340
990013
999493
998994
999002
999005
999520
999272
1005186
1005245
1005089
1004933
999716
1004872
1004562
1004205
1004503
1004433
1004316
1004374
1003637
1002567
1003395
1002696
1003344
1002084
1001729
1001784
1000709
986791
962809
966650
974842
989435
988919
990455
971511
912631
979191
988920
967928
988917
966389
964086
988147
988403
959731
979699
992685
1009427
1009736
1009762
1009517
1007243
1009565
1009827
1001641
993972
1007799
1009106
991636
998852
998816
998939
973295
998398
987009
985979
989207
399951
986028
979665
979394
982129
966450
982072
972273
953041
972268
953102
953131
973384
972270
972267
972266
971921
971883
941663
970383
957969
943124
937002
963840
954304
945119
947124
931664
947304
945226
929049
903667
903657
944140
938569
942373
929044
927048
930914
930945
931991
922556
920499
914835
926245
930070
926422
906183
912586
887640
918997
907008
906273
869882
894970
903325
906861
902238
841086
868110
879119
879181
897935
879182
893205
787375
868274
870010
868202
884448
872663
878049
874893
866427
856771
859407
827301
849274
849044
854423
854381
849715
845810
750047
835801
851279
830621
809472
845922
827924
837398
835871
688748
700866
820932
810607
827769
841813
841585
810798
823272
827634
818915
780774
827593
783561
820417
825776
792738
820994
801291
775704
834738
765228
775153
828813
775556
801227
797425
734291
787568
779983
779942
775602
763060
768911
783641
763158
770080
751172
774705
745024
754600
762027
704147
662171
754073
741961
747351
748150
673266
729430
727179
727230
681568
728188
723445
722685
714410
714728
714690
642715
714578
714586
641275
708029
631677
701522
701781
701704
640731
666103
658683
660478
663023
622283
657620
617179
672732
609975
652217
657859
641434
664990
594335
671605
673935
635287
668956